dat3=[0.33222E-07
     0.38565E-07
     0.42728E-07
       0.45588E-07
       0.47060E-07
       0.47104E-07
       0.45722E-07
       0.42960E-07
       0.38902E-07
      0.33674E-07
      0.27433E-07
      0.20367E-07
      0.12688E-07
      0.56541E-08
      0.51366E-08
      0.11682E-07
      0.19437E-07
      0.26611E-07
      0.39452E-07
      0.44598E-07
      0.48380E-07
      0.50687E-07
      0.51453E-07
      0.50660E-07
      0.48335E-07
      0.44552E-07]
   